INCAR created by Atomic Simulation Environment
 ENCUT = 600.000000
 SIGMA = 0.050000
 TIME = 0.010000
 EDIFF = 1.00e-8
 EFIELD = 0.005
 IDIPOL = 1
 DIPOL = 0.5000 0.5000 0.5000
 LDIPOL = .TRUE.
 ALGO = Damped
 GGA = PE
 PREC = Accurate
 ISMEAR = 0
 ISPIN = 2
 ISTART = 1
 LORBIT = 11
 NELM = 700
 IVDW = 12
 NCORE = 8
 MAGMOM = 1*0.0000 56*0.0000 
 FERWE = 73*1 39*0
 FERDO = 72*1 1*0 1*1 39*0 
 LDIAG = .FALSE.
 NUPDOWN = 0 
