INCAR created by Atomic Simulation Environment
 EFIELD = 0.005000
 ENCUT = 600.000000
 SIGMA = 0.050000
 TIME = 0.080000
 EDIFF = 1.00e-10
 EDIFFG = -2.00e-03
 ALGO = All
 GGA = PE
 PREC = Normal
 IBRION = 1
 IDIPOL = 1
 ISIF = 2
 ISMEAR = 0
 ISPIN = 2
 ISTART = 1
 LORBIT = 11
 NELM = 200
 NSW = 200
 IVDW = 12
 NCORE = 8
 DIPOL = 0.5000 0.5000 0.5000 
 LDIPOL = .TRUE.
 MAGMOM = 1*5.0000 56*0.0000 
